0
100
110
101000
101010
101100
101110
1110000
1110010
1110100
1110110
1111000
1111010
1111100
1111110
10100100000
10100100010
10100100100
10100100110
10100101000
10100101010
10100101100
10100101110
10100110000
10100110010
10100110100
10100110110
10100111000
10100111010
10100111100
10100111110
101011000000
101011000010
101011000100
101011000110
101011001000
101011001010
101011001100
101011001110
101011010000
101011010010
101011010100
101011010110
101011011000
101011011010
101011011100
101011011110
101011100000
101011100010
101011100100
101011100110
101011101000
101011101010
101011101100
101011101110
101011110000
101011110010
101011110100
101011110110
101011111000
101011111010
101011111100
101011111110
1011010000000
1011010000010
1011010000100
1011010000110
1011010001000
1011010001010
1011010001100
1011010001110
1011010010000
1011010010010
1011010010100
1011010010110
1011010011000
1011010011010
1011010011100
1011010011110
1011010100000
1011010100010
1011010100100
1011010100110
1011010101000
1011010101010
1011010101100
1011010101110
1011010110000
1011010110010
1011010110100
1011010110110
1011010111000
1011010111010
1011010111100
1011010111110
1011011000000
1011011000010
1011011000100
1011011000110
1011011001000
1011011001010
1011011001100
1011011001110
1011011010000
1011011010010
1011011010100
1011011010110
1011011011000
1011011011010
1011011011100
1011011011110
1011011100000
1011011100010
1011011100100
1011011100110
1011011101000
1011011101010
1011011101100
1011011101110
1011011110000
1011011110010
1011011110100
1011011110110
1011011111000
1011011111010
1011011111100
1011011111110
10111100000000
10111100000010
10111100000100
10111100000110
10111100001000
10111100001010
10111100001100
10111100001110
10111100010000
10111100010010
10111100010100
10111100010110
10111100011000
10111100011010
10111100011100
10111100011110
10111100100000
10111100100010
10111100100100
10111100100110
10111100101000
10111100101010
10111100101100
10111100101110
10111100110000
10111100110010
10111100110100
10111100110110
10111100111000
10111100111010
10111100111100
10111100111110
10111101000000
10111101000010
10111101000100
10111101000110
10111101001000
10111101001010
10111101001100
10111101001110
10111101010000
10111101010010
10111101010100
10111101010110
10111101011000
10111101011010
10111101011100
10111101011110
10111101100000
10111101100010
10111101100100
10111101100110
10111101101000
10111101101010
10111101101100
10111101101110
10111101110000
10111101110010
10111101110100
10111101110110
10111101111000
10111101111010
10111101111100
10111101111110
10111110000000
10111110000010
10111110000100
10111110000110
10111110001000
10111110001010
10111110001100
10111110001110
10111110010000
10111110010010
10111110010100
10111110010110
10111110011000
10111110011010
10111110011100
10111110011110
10111110100000
10111110100010
10111110100100
10111110100110
10111110101000
10111110101010
10111110101100
10111110101110
10111110110000
10111110110010
10111110110100
10111110110110
10111110111000
10111110111010
10111110111100
10111110111110
10111111000000
10111111000010
10111111000100
10111111000110
10111111001000
10111111001010
10111111001100
10111111001110
10111111010000
10111111010010
10111111010100
10111111010110
10111111011000
10111111011010
10111111011100
10111111011110
10111111100000
10111111100010
10111111100100
10111111100110
10111111101000
10111111101010
10111111101100
10111111101110
10111111110000
10111111110010
10111111110100
10111111110110
10111111111000
10111111111010
10111111111100
10111111111110
